100307
101915
103414
103818
106319
110411
111009
111514
115320
117122
117324
118932
123117
124422
125525
127933
129028
130013
130316
130922
133928
136833
138231
138534
139637
140824
142828
143325
148032
148335
151627
153429
154431
157336
158035
158540
159239
159340
162733
163129
163432
172332
175439
176542
188347
190031
192540
194140
196144
198451
200614
201111
201414
205119
210617
212318
221319
224022
239944
245333
249947
250427
255639
280739
293748
298051
307127
366446
397760
414229
429040
448347
497865
530635
541943
545345
559053
570243
579665
627549
645551
654754
680957
702133
729557
732243
748258
756055
761957
765056
792564
856766
887373
894673
896778
901139
984472
992774
