118932
172332
585862
896778
748258
175439
148335
162733
138534
115320
198451
110411
123117
570243
159239
756055
117324
856766
414229
154431
541943
140824
159340
130922
792564
133928
130316
111514
100307
103414
176542
255639
129028
984472
194140
142828
366446
192540
249947
894673
221319
530635
250427
280739
111009
245333
680957
163129
645551
139637
992774
143325
158035
429040
125525
761957
497865
579665
103818
130013
190031
545345
224022
205119
298051
101915
552544
887373
765056
151627
212318
136833
163432
732243
196144
153429
210617
157336
729557
124422
138231
158540
448347
148032
559053
307127
127933
293748
201111
397760
117122
201414
106319
188347
654754
239944
901139
200614
627549
702133
